33
5
4
46	89	69	39	66	48	28	39	60	53	52	70	84	39	64	47	74	40	25	44	43	18	32	73	8	65	35	20	3	91	98	64	41
59	24	78	65	87	67	55	70	41	88	91	79	23	64	96	60	80	69	26	74	65	29	51	90	36	81	57	36	27	24	11	84	29
81	29	6	88	90	96	95	79	59	8	4	20	32	94	19	85	18	83	64	98	97	66	76	25	71	5	95	53	75	31	35	40	81
16	68	30	25	44	22	9	19	91	27	41	36	69	4	50	21	35	8	82	2	10	84	22	40	85	45	0	89	95	51	56	43	14
55	12	27	53	26	59	71	59	81	35	33	48	9	72	39	67	35	64	100	73	66	91	70	28	89	48	66	89	83	24	20	43	57
0	1	0	0	0	0	0	0	0	0	0	0	1	0	0	0	0	0	0	0	0	0	0	0	0	0	0	0	0	1	1	0	0
1	0	0	1	0	1	1	1	0	0	0	0	0	1	0	1	0	1	0	1	1	0	1	0	0	0	1	0	0	0	0	0	1
0	0	0	0	0	0	0	0	1	0	0	0	0	0	0	0	0	0	1	0	0	1	0	0	1	0	0	1	1	0	0	0	0
0	0	1	0	1	0	0	0	0	1	1	1	0	0	1	0	1	0	0	0	0	0	0	1	0	1	0	0	0	0	0	1	0
